0.364664226770401
0.31106555461883545
0.5664781928062439
0.563653290271759
0.5387017726898193
0.5822020769119263
0.5641825795173645
0.5604280829429626
0.5284254550933838
0.5455472469329834
0.3706408739089966
0.46182599663734436
0.4784981906414032
0.34254541993141174
0
0.3935421109199524
0.3206641972064972
0.26525044441223145
0
0
0
0.2679605185985565
0.4054360091686249
0.6149638295173645
0.5966998934745789
0.4585493505001068
0.41365548968315125
0
0.2965511679649353
0
0
0
0
0
0
0
0
0.4216698706150055
0.4133094847202301
